Frequency (Hz), Storage (MPa), Loss (MPa) - EPrim_TATATO_Pa.txt
0.000161, 29.773200, 0.859087
0.000203, 29.746900, 0.947072
0.000255, 29.534000, 0.966649
0.000321, 29.554600, 0.928337
0.000353, 29.168700, 1.125230
0.000404, 29.325800, 1.044810
0.000446, 29.144600, 1.096030
0.000509, 29.340900, 1.072250
0.000561, 29.075500, 1.213850
0.000641, 29.357400, 1.120370
0.000704, 29.100600, 1.211410
0.000807, 29.306000, 1.158370
0.000887, 29.033200, 1.291710
0.000922, 28.831600, 1.360210
0.001016, 29.355100, 1.177430
0.001114, 29.020000, 1.305390
0.001163, 28.867100, 1.415670
0.001279, 29.241900, 1.210200
0.001404, 28.948800, 1.343320
0.001461, 28.735200, 1.494190
0.001610, 29.211300, 1.216400
0.001775, 29.011100, 1.301650
0.001843, 28.735700, 1.511470
0.002027, 29.305200, 1.224530
0.002225, 28.903600, 1.358990
0.002326, 28.729400, 1.566920
0.002552, 29.263300, 1.243890
0.002747, 28.566600, 1.614910
0.002806, 28.892400, 1.457370
0.002926, 28.707200, 1.547600
0.003213, 29.341600, 1.289460
0.003457, 28.734200, 1.757860
0.003523, 28.954600, 1.463510
0.003677, 28.735200, 1.639490
0.004044, 29.380700, 1.366960
0.004365, 28.672000, 1.763790
0.004452, 28.960100, 1.409310
0.004610, 28.770500, 1.647760
0.005091, 29.324900, 1.358050
0.005496, 28.645800, 1.814080
0.005601, 28.999200, 1.446460
0.005836, 28.710500, 1.625570
0.006409, 29.987000, 1.366020
0.006890, 28.665000, 1.781910
0.007020, 29.073700, 1.471940
0.007312, 28.736700, 1.674030
0.008069, 29.695500, 1.085050
0.008666, 28.663900, 1.849300
0.008863, 29.241300, 1.542040
0.009254, 28.853500, 1.744300
0.009716, 28.585900, 1.962190
0.010158, 29.705900, 1.588670
0.010973, 28.728900, 1.960150
0.011155, 29.328300, 1.529930
0.011648, 28.999900, 1.758730
0.012240, 28.496600, 2.037330
0.012788, 29.716200, 1.442250
0.013724, 28.735200, 1.992410
0.014064, 29.632100, 1.450440
0.014606, 28.953400, 1.836020
0.015384, 28.668000, 2.119560
0.016101, 29.744000, 1.431860
0.017295, 28.686800, 1.985870
0.017717, 29.553100, 1.438830
0.018363, 29.217500, 1.893700
0.019303, 28.688900, 2.263690
0.020270, 29.836200, 1.477860
0.021792, 28.873500, 2.083810
0.022289, 29.822100, 2.043100
0.023302, 29.186100, 1.861410
0.024405, 28.765000, 2.310400
0.025516, 29.952300, 1.473630
0.027521, 28.880500, 2.076200
0.027997, 29.635900, 1.645220
0.029286, 29.370100, 1.948610
0.030629, 28.884000, 2.355240
0.032123, 30.011200, 1.476900
0.034567, 29.161600, 2.210350
0.035314, 29.768000, 1.786650
0.036813, 29.638400, 1.845890
0.038588, 28.836000, 2.459800
0.040441, 30.076200, 1.456670
0.043236, 29.030600, 2.622450
0.043462, 29.160600, 2.138380
0.044429, 29.908000, 1.780560
0.046336, 29.669300, 1.822850
0.048556, 28.996000, 2.528630
0.050915, 30.146300, 1.586810
0.054608, 29.046000, 2.761340
0.054877, 29.416100, 2.251860
0.055933, 29.977600, 1.822240
0.058114, 29.825700, 2.198520
0.061274, 29.182500, 2.530960
0.064094, 30.286200, 1.505330
0.068747, 29.213900, 2.877910
0.068796, 29.612800, 2.286870
0.070255, 30.059300, 1.918850
0.073258, 29.769700, 2.134990
0.077084, 29.260600, 2.695530
0.080690, 30.233000, 1.690340
0.086901, 29.287200, 3.055880
0.087084, 29.713900, 2.347130
0.087912, 30.139100, 1.949010
0.092330, 29.840100, 2.229950
0.097251, 29.467800, 2.811530
0.101582, 30.306300, 1.759320
0.109045, 29.356500, 3.206470
0.109448, 29.947200, 2.579610
0.111220, 30.222800, 2.074410
0.115800, 30.050800, 2.326470
0.122491, 29.606500, 2.913400
0.127885, 30.382600, 1.961410
0.136686, 29.573500, 3.323220
0.137150, 30.102100, 2.424010
0.140567, 30.450400, 2.149960
0.146141, 30.166000, 2.582290
0.152672, 29.845500, 3.096020
0.160996, 30.515700, 2.133780
0.172451, 29.764400, 3.546340
0.172916, 30.206600, 3.167000
0.176617, 30.381800, 2.491770
0.184293, 30.380200, 2.784710
0.193765, 30.182300, 3.432290
0.217162, 29.873300, 3.770610
0.217964, 30.248600, 3.150830
0.222638, 30.511200, 2.835070
0.232492, 30.443800, 3.065790
0.244401, 30.098400, 3.488380
0.271993, 30.437600, 4.208790
0.273317, 30.009000, 4.029210
0.274227, 30.496000, 3.406840
0.279692, 30.683500, 3.193320
0.292085, 30.524900, 3.432220
0.306294, 30.318600, 3.683550
0.341576, 30.650300, 4.599020
0.345160, 30.744200, 3.873000
0.346340, 30.444200, 4.460210
0.352168, 30.848100, 3.663450
0.365159, 30.893900, 3.776310
0.384959, 30.997200, 4.154300
0.432591, 30.516400, 4.879250
0.433749, 31.014900, 5.024820
0.435995, 30.929500, 4.388170
0.463533, 30.950800, 4.483630
0.485789, 31.121200, 4.653900
0.547266, 30.994100, 5.424230
0.547270, 31.289000, 5.006010
0.547429, 31.322300, 5.542750
0.581470, 31.218000, 5.127310
0.609394, 31.569100, 5.871530
0.682583, 31.632700, 6.148660
0.687657, 31.476700, 6.142920
0.689697, 31.693800, 5.632170
0.732579, 31.561400, 5.992860
0.770474, 31.855300, 6.354160
0.862631, 32.079500, 6.602980
0.868714, 32.103000, 6.940420
0.869966, 31.939800, 6.835280
0.925393, 32.029700, 6.956780
0.970200, 32.371800, 7.268790
1.083089, 32.671300, 7.738190
1.088735, 32.683900, 7.584470
1.093299, 32.782100, 7.579470
1.222576, 32.880500, 8.360630
1.370200, 33.254800, 8.905910
1.372063, 33.248600, 8.761070
1.374390, 33.061700, 8.969100
1.540228, 33.588800, 9.665130
1.722513, 34.110400, 9.850600
1.722643, 34.016700, 10.631100
1.730254, 33.825700, 10.495300
1.920660, 34.478900, 11.189700
2.158115, 35.307100, 11.422100
2.167182, 34.834900, 11.753100
2.168658, 34.601400, 12.361200
2.430085, 35.438800, 12.988400
2.734779, 35.446800, 14.574100
2.740582, 36.330400, 14.328300
2.742778, 35.859800, 13.490700
2.746802, 36.480500, 12.911400
3.074628, 36.596400, 15.192900
3.429475, 37.362800, 15.606600
3.445142, 37.759900, 14.901400
3.459605, 37.329200, 16.269200
3.824918, 38.127900, 17.624200
4.328091, 38.612900, 18.072900
4.332753, 38.904400, 17.099600
4.334126, 38.853800, 18.898600
4.845198, 39.411200, 20.661800
5.447072, 40.202400, 20.941800
5.472656, 40.628800, 22.074600
5.491919, 40.564600, 19.763700
6.102646, 41.217000, 24.205200
6.851118, 42.658500, 24.471700
6.885902, 42.734000, 25.583100
6.899652, 42.270400, 23.067700
7.671818, 43.165300, 28.346100
8.643689, 45.129200, 28.628800
8.675923, 45.136800, 29.851900
8.692100, 44.435100, 26.627000
9.672045, 44.620800, 32.979000
10.907495, 48.044200, 34.666900
10.919195, 48.078200, 33.460300
10.946462, 47.112700, 30.852500
13.653794, 51.407300, 40.360300
13.724910, 51.088900, 38.743100
13.776044, 50.247200, 35.288000
17.165801, 55.833000, 46.751300
17.182748, 55.037300, 45.646200
17.354945, 53.580900, 41.600200
21.571890, 59.613100, 51.939400
21.680911, 60.160200, 54.351000
21.744708, 57.939100, 48.411700
27.224439, 65.128700, 60.521200
27.228109, 64.300900, 62.504500
27.592190, 63.146500, 56.378200
34.389947, 72.078500, 70.229400
34.445858, 68.407700, 71.454400
34.580270, 69.047700, 65.297700
42.091332, 75.283800, 71.653700
43.153658, 72.493200, 79.922700
43.254258, 80.012500, 81.561500
43.401088, 76.707600, 74.736700
52.685942, 83.069400, 82.009700
54.416688, 85.304800, 86.527000
54.437189, 89.531100, 93.136700
66.637425, 93.233500, 93.945200
68.300435, 100.493000, 106.855000
68.692803, 95.464200, 100.732000
83.561343, 104.231000, 107.230000
86.197405, 113.787000, 122.583000
87.346831, 108.774000, 115.436000
105.121980, 116.966000, 123.477000
108.516065, 128.419000, 138.216000
109.807817, 123.358000, 132.034000
132.815700, 133.571000, 139.381000
136.109341, 141.368000, 152.605000
138.533884, 141.479000, 149.466000
168.322978, 152.975000, 157.468000
171.404329, 154.779000, 165.545000
172.724230, 161.538000, 167.650000
212.564543, 174.465000, 177.397000
216.784958, 169.226000, 177.729000
216.931126, 184.403000, 187.441000
265.578264, 199.146000, 197.946000
271.071713, 185.922000, 189.778000
272.821888, 210.956000, 208.713000
333.259889, 227.535000, 219.187000
347.243701, 243.412000, 230.645000
422.166479, 261.351000, 241.736000
434.894600, 279.875000, 253.183000
528.371584, 297.115000, 263.807000
544.536696, 315.993000, 273.343000
664.226376, 337.899000, 284.119000
689.261440, 358.105000, 295.673000
839.220826, 383.539000, 311.496000
868.319026, 403.098000, 315.657000
926.461179, 412.249000, 326.948000
1052.727783, 431.501000, 334.171000
1083.542648, 443.441000, 331.537000
1163.220600, 460.131000, 347.563000
1328.157000, 479.663000, 351.972000
1365.955242, 480.158000, 342.475000
1462.762953, 506.838000, 368.245000
1666.071466, 538.400000, 370.492000
1725.485146, 514.884000, 349.826000
1838.794798, 571.597000, 386.844000
2093.701801, 600.414000, 387.305000
2170.047903, 540.695000, 349.884000
2327.164601, 619.676000, 402.410000
2627.310736, 662.269000, 396.695000
2724.513423, 568.672000, 349.667000
2925.201587, 689.895000, 417.406000
3326.635109, 724.010000, 410.058000
3691.204321, 747.174000, 430.302000
4212.228136, 788.316000, 420.734000
4618.838305, 814.914000, 439.471000
5312.774507, 857.160000, 428.944000
5829.896652, 880.389000, 447.101000
6647.023952, 923.057000, 435.077000
7312.269010, 951.798000, 450.759000
8356.134304, 988.564000, 436.458000
9212.395574, 1020.920000, 455.984000
10512.198008, 1058.240000, 436.925000
11649.931501, 1099.060000, 457.840000
13186.685696, 1122.090000, 436.598000
14552.208426, 1168.310000, 451.721000
16714.516134, 1189.380000, 435.718000
18449.744384, 1238.440000, 449.618000
20937.018013, 1249.100000, 433.291000
23253.569030, 1307.060000, 448.447000
25947.592543, 1331.800000, 467.834000
26273.107361, 1305.220000, 427.724000
29003.301127, 1370.870000, 436.246000
32630.050977, 1396.420000, 472.732000
33278.273930, 1351.280000, 420.084000
36798.066549, 1436.630000, 432.328000
41093.774404, 1477.860000, 448.412000
41670.009990, 1395.540000, 415.006000
46256.627496, 1510.480000, 409.277000
51677.345000, 1545.870000, 466.524000
58320.990590, 1554.700000, 400.809000
65105.329060, 1590.600000, 426.499000
73477.751741, 1623.560000, 401.837000
82023.138986, 1649.740000, 410.040000
91954.050843, 1673.590000, 387.911000
103034.846719, 1713.420000, 397.044000
115806.344656, 1732.990000, 377.723000
128537.275680, 1770.750000, 402.304000
145468.302222, 1786.700000, 365.708000
163239.845289, 1839.480000, 397.603000
184151.166156, 1836.260000, 346.740000
205208.250812, 1897.030000, 372.921000
231234.085304, 1882.020000, 341.909000
259572.422915, 1946.440000, 353.653000
291536.673781, 1932.370000, 327.239000
326661.656121, 1983.220000, 356.466000
365940.443701, 1977.670000, 318.188000
410338.139130, 2038.440000, 335.477000
430028.225440, 2056.240000, 366.192000
457972.904921, 2014.230000, 302.835000
517915.584999, 2084.790000, 315.622000
541374.819527, 2089.630000, 365.163000
576767.252068, 2059.550000, 295.721000
651532.578193, 2141.980000, 311.564000
680644.563560, 2166.790000, 346.362000
727452.844925, 2095.370000, 282.872000
817245.848953, 2163.780000, 273.173000
857109.377197, 2182.740000, 380.469000
920559.737207, 2124.450000, 281.885000
1030722.950375, 2227.040000, 273.712000
1079321.943276, 2220.040000, 318.524000
1299978.535988, 2238.560000, 264.545000
1358786.601430, 2264.040000, 306.930000
1401253.516340, 2358.100000, 311.543000
1637181.885494, 2275.630000, 219.195000
1710610.369799, 2291.500000, 299.478000
1760922.331579, 2407.070000, 281.902000
2049843.714643, 2312.110000, 240.007000
2156963.484202, 2350.410000, 282.794000
2217261.028567, 2414.170000, 326.662000
2592842.425841, 2349.180000, 231.291000
2710414.292604, 2376.440000, 261.165000
2792369.747358, 2444.490000, 276.670000
3251155.419399, 2376.940000, 215.001000
3415837.059878, 2395.180000, 244.841000
3519788.689788, 2455.490000, 247.312000
4098909.652205, 2403.420000, 213.451000
4298000.000000, 2440.130000, 231.619000
4429568.254527, 2525.750000, 245.922000
5162103.908291, 2431.640000, 205.764000
5412311.337559, 2465.010000, 217.997000
5566515.753897, 2435.730000, 303.830000
6510532.905992, 2452.100000, 199.372000
6806445.635601, 2485.740000, 215.097000
6978960.385397, 2721.950000, -258.543000
8169486.501750, 2476.720000, 185.768000
8568817.651089, 2510.970000, 201.574000
8876134.257294, 2093.790000, 596.254000
10303484.671887, 2502.610000, 182.983000
10787488.554873, 2535.160000, 194.001000
11054950.129007, 2443.290000, 681.705000
12933631.643111, 2524.350000, 175.596000
13584258.668320, 2552.570000, 188.035000
13929864.805848, 2255.610000, 244.578000
16270624.984272, 2542.370000, 170.059000
17087937.734741, 2572.870000, 174.703000
17789324.329852, 2839.570000, 95.302600
20468605.131407, 2560.490000, 169.350000
21501001.290789, 2607.630000, 189.705000
22017863.705281, 2480.670000, 95.549200
25777822.783239, 2581.590000, 172.447000
27104142.926041, 2610.070000, 151.828000
27718881.374775, 2563.330000, 149.674000
34094935.026995, 2638.790000, 152.662000
35040536.208552, 2689.870000, 203.917000
42957185.337987, 2656.840000, 149.692000
43947253.743351, 2666.430000, 107.439000
54022581.053869, 2673.620000, 146.350000
56264644.693859, 2765.470000, 169.002000
68154866.286987, 2690.500000, 132.897000
69614066.680551, 2719.630000, 121.963000
85824776.875181, 2709.440000, 133.776000
88587166.549825, 2740.030000, 126.209000
107846230.446845, 2720.590000, 128.465000
111604439.647255, 2767.340000, 119.548000
135698286.874258, 2729.030000, 122.933000
139123474.641891, 2769.020000, 123.926000
170652286.087830, 2715.960000, 88.192200
176060684.826664, 2770.380000, 130.977000
215181541.891675, 2764.360000, 128.175000
225030065.197864, 2790.120000, 102.800000
270609548.500516, 2764.520000, 122.861000
279787245.081594, 2790.230000, 108.489000
340949350.269951, 2779.910000, 117.166000
348645538.254611, 2810.260000, 112.342000
428088718.662394, 2790.800000, 116.431000
441055285.698364, 2810.350000, 98.973500
564949454.678950, 2820.730000, 107.573000
700531577.411779, 2829.830000, 102.173000
876704649.227545, 2837.870000, 104.096000
1106886615.386155, 2846.270000, 109.930000
1407275006.845426, 2840.870000, 111.904000
